3.255656854805081935e+00
0.000000000000000000e+00
5.584821676959811576e+00
5.435531912044958780e+00
2.267646834351765506e+00
1.524262663160139031e+00
4.237962702739089815e-01
6.283185307179586232e+00
8.265981552296994828e-01
3.961862752768503970e+00
6.283185307179586232e+00
3.783966460679525579e+00
1.729194693494431556e+00
2.589569497304476275e+00
1.096002285633029372e+00
0.000000000000000000e+00
0.000000000000000000e+00
0.000000000000000000e+00
6.283185307179586232e+00
4.262361047508512080e+00
2.914554003302566532e+00
5.652824150407699477e+00
1.007453696132802667e+00
3.877545164312802051e+00
2.556731896634288237e+00
4.352204388802931589e+00
3.141489140589811768e+00
6.283185307179586232e+00
2.591732581885480169e+00
6.283185307179586232e+00
5.103061409103833768e+00
4.667711953714737128e+00
0.000000000000000000e+00
6.283185307179586232e+00
6.312628947378699784e-02
5.486844439031289156e+00
3.776497266395554497e+00
3.377362563963768327e+00
2.887987647841252947e+00
1.020314375525527062e+00
6.141318762805240361e+00
3.143411987591975265e+00
0.000000000000000000e+00
4.250821646800602593e+00
5.395589584680932083e-01
3.679317133931817363e+00
2.321811362434695436e+00
5.414418017451236409e+00
2.274899012245691132e+00
5.417870910015390784e+00
2.276963778292125706e+00
4.998176961635850901e+00
3.101882415049185937e+00
1.482183414600976912e+00
3.428512233370462958e+00
2.683609949923857485e+00
3.497070198279513598e+00
3.564147149022872108e-01
3.500460728383967712e+00
2.397552645937288229e+00
4.955134875682056794e+00
1.911634581642986275e+00
5.714598756475447239e+00
2.802408986722284556e+00
6.283185307179586232e+00
4.956102310082631135e+00
0.000000000000000000e+00
3.874465249587287552e+00
2.400797494789617570e+00
2.868656067150279654e+00
9.200078280424454080e-01
6.283185307179586232e+00
0.000000000000000000e+00
9.410924060205830832e-01
5.177115685214309870e+00
4.171932558775785616e+00
3.787989687474211387e+00
5.692746440508665628e+00
2.557104951639989743e+00
6.283185307179586232e+00
4.680429014732626847e+00
6.283185307179586232e+00
0.000000000000000000e+00
6.283185307179586232e+00
1.470149909967866986e+00
3.141428847118470369e+00
6.283185307179586232e+00
5.009294327912418687e+00
1.067073125791039301e+00
4.458623361841740795e+00
2.607538865994824651e+00
4.072865420079200938e+00
3.716385228587823164e+00
1.803211375721686993e+00
4.249525324563228956e+00
1.395488615936954835e+00
1.130513584472065958e+00
5.315656218375235831e+00
1.538462187566569606e+00
4.678068891105496618e+00
1.331140744859209191e+00
3.313405345882804998e+00
1.808233783752698498e+00
2.875020460915782561e+00
2.337679890995126186e+00
1.392842921170295734e+00
2.549856419436021593e+00
3.475435315108233780e+00
2.948288769938868459e+00
3.615645280494310221e+00
4.630809696203641579e+00
1.812965805466312919e+00
4.937807823991030354e+00
0.000000000000000000e+00
6.283185307179586232e+00
4.705146148033092501e+00
3.669391257349794433e-01
6.283185307179586232e+00
4.924135587428386529e+00
9.868793704462935912e-01
4.648324167383404593e+00
0.000000000000000000e+00
2.476751381832454246e+00
5.126846349814709214e+00
2.789466211354219016e+00
4.963338629597360274e+00
4.239610873295167615e+00
6.283185307179586232e+00
4.773130856688830193e+00
4.659515282733584840e+00
0.000000000000000000e+00
5.053390153400004969e+00
5.944757754893965185e+00
6.283185307179586232e+00
6.133897060501428911e+00
5.822137411136912855e-01
4.330496649432208578e+00
7.148836909197142653e-01
0.000000000000000000e+00
1.921029306499353106e+00
3.526416455090519708e+00
1.795030822492652334e+00
2.456004896375603153e+00
1.199867897653347892e+00
1.723391147019196934e+00
3.891742899728134475e-01
3.094986565958445457e+00
5.331239205618220289e+00
4.086218986569312150e+00
4.496326861783982665e+00
4.554479298092021899e+00
4.836938549712321844e+00
2.366572583526108442e+00
6.283185307179586232e+00
3.410991460334984016e+00
3.238816834392605593e+00
3.392279746215147163e-01
1.288922759905181792e+00
2.831912003183001403e+00
0.000000000000000000e+00
